{"class":"DecalRoad","persistentId":"2813e100-f6bf-4f3f-a69b-d85e9b3098e1","__parent":"SimGroup_1","position":[-11.8085785,651.758423,74.7200317],"improvedSpline":true,"material":"BlankWhite","nodes":[[-11.8085785,651.758423,74.7200317,0.25],[-11.7971306,646.919312,74.7200317,0.25],[-14.7371693,644.304688,74.7200317,0.25],[-24.6134529,643.564148,74.7200317,0.25],[-32.9409943,643.291016,74.7200317,0.25],[-36.2001839,640.445923,74.7200317,0.25],[-37.0661354,631.900574,74.7200317,0.25],[-38.9337006,627.912109,74.7200317,0.25]]}
{"name":"SimGroup_1","class":"SimGroup","persistentId":"8ec4ee13-6654-48dd-a93b-4fca86f75457","groupPosition":"0 0 0"}
{"class":"TSStatic","persistentId":"0144de84-e75a-4b18-ba4a-1749ce7185db","__parent":"SimGroup_1","position":[-28.7217121,643.842224,74.7200317],"isRenderEnabled":false,"rotationMatrix":[-0.996766686,0.0803469047,1.31908361e-16,-0.0803469047,-0.996766686,-1.12229033e-16,1.22464632e-16,-1.22464632e-16,1],"shapeName":"/art/shapes/race/s_concrete_race_barrier.dae","useInstanceRenderData":true}
{"class":"TSStatic","persistentId":"06b91e81-389f-4515-9e83-543400c8a4c3","__parent":"SimGroup_1","position":[-25.6709003,643.73999,74.7200317],"isRenderEnabled":false,"rotationMatrix":[-0.99992156,-0.0125302253,1.20920571e-16,0.0125302253,-0.99992156,-1.2398957e-16,1.22464685e-16,-1.22464672e-16,1],"shapeName":"/art/shapes/race/s_concrete_race_barrier.dae","useInstanceRenderData":true}
{"class":"TSStatic","persistentId":"0897dac6-35b2-403a-bd01-18f24f0c0300","__parent":"SimGroup_1","position":[-40.9006348,644.651428,74.7200317],"isRenderEnabled":false,"rotationMatrix":[0.989482403,0.144653305,0,-0.144653305,0.989482403,0,0,0,1],"shapeName":"/levels/west_coast_usa/art/shapes/objects/arrowboard_R.dae","useInstanceRenderData":true}
{"class":"TSStatic","persistentId":"11d9801f-2162-410b-9c7b-4025c593e1a8","__parent":"SimGroup_1","position":[-29.0879421,650.939026,74.7983246],"isRenderEnabled":false,"rotationMatrix":[-0.684572458,-0.728911877,0.00692215562,-0.012340188,0.00209373236,-0.999921679,0.728840232,-0.684604287,-0.0104281902],"shapeName":"/levels/west_coast_usa/art/shapes/objects/construction_sign_small_b.DAE","useInstanceRenderData":true}
{"class":"TSStatic","persistentId":"138029b0-9f75-4213-92d4-0b3aaafe8356","__parent":"SimGroup_1","position":[-36.682354,636.984985,74.7200317],"isRenderEnabled":false,"rotationMatrix":[-0.0203640461,-0.999792576,-1.19945398e-16,0.999792576,-0.0203640461,-1.24933177e-16,1.22464685e-16,-1.22464685e-16,1],"shapeName":"/art/shapes/race/s_concrete_race_barrier.dae","useInstanceRenderData":true}
{"class":"TSStatic","persistentId":"156b6616-8e1d-48d4-8644-c7b6c1b5470d","__parent":"SimGroup_1","position":[-22.5932789,643.716003,74.7200317],"isRenderEnabled":false,"rotationMatrix":[-0.999965429,0.00835812278,1.23483997e-16,-0.00835812278,-0.999965429,-1.2143685e-16,1.22464698e-16,-1.22464698e-16,1],"shapeName":"/art/shapes/race/s_concrete_race_barrier.dae","useInstanceRenderData":true}
{"class":"TSStatic","persistentId":"1ab5f02a-7364-4206-8903-8ac5618248d1","__parent":"SimGroup_1","position":[-24.7930489,648.548645,74.7200317],"isRenderEnabled":false,"rotationMatrix":[0.835683644,-0.549211085,0,0.549211085,0.835683644,0,0,0,1],"shapeName":"/levels/west_coast_usa/art/shapes/objects/construction_sign_big_b.DAE","useInstanceRenderData":true}
{"class":"TSStatic","persistentId":"1e3772ad-7e1f-4e18-8fa4-8454f4a81916","__parent":"SimGroup_1","position":[-41.2517319,626.413452,74.7200317],"isRenderEnabled":false,"rotationMatrix":[-0.959799051,-0.28068921,8.31669225e-17,0.28068921,-0.959799051,-1.51915941e-16,1.22464659e-16,-1.22464685e-16,1],"shapeName":"/art/shapes/race/s_concrete_race_barrier.dae","useInstanceRenderData":true}
{"class":"TSStatic","persistentId":"1f4dd4f9-6670-4dc3-abec-4c5b1a366cd2","__parent":"SimGroup_1","position":[-38.5005264,645.666138,74.7200317],"isRenderEnabled":false,"rotationMatrix":[0.963448286,-0.267894268,0,0.267894268,0.963448286,0,0,0,1],"shapeName":"/levels/west_coast_usa/art/shapes/objects/arrowboard_L.dae","useInstanceRenderData":true}
{"class":"TSStatic","persistentId":"21954fd9-c3de-4610-8efc-0756dd5562da","__parent":"SimGroup_1","position":[-17.5119286,650.028198,75.4864426],"isRenderEnabled":false,"rotationMatrix":[-0.646496296,0.762917936,0,0.338433206,0.286787629,-0.896223366,-0.683744609,-0.579404533,-0.44360435],"shapeName":"/levels/west_coast_usa/art/shapes/objects/construction_sign_big_a.DAE","useInstanceRenderData":true}
{"class":"TSStatic","persistentId":"238e919a-bbd4-4d10-bb8d-6a96966a09b3","__parent":"SimGroup_1","position":[-15.3294735,649.229675,74.7200317],"isRenderEnabled":false,"rotationMatrix":[0.343634129,0.939103723,0,-0.939103723,0.343634129,0,0,0,1],"shapeName":"/levels/west_coast_usa/art/shapes/objects/construction_sign_big_a.DAE","useInstanceRenderData":true}
{"class":"TSStatic","persistentId":"25c2b080-25a1-493d-9c39-67bd2cbcecd9","__parent":"SimGroup_1","position":[-24.7337017,647.512146,74.7200317],"isRenderEnabled":false,"rotationMatrix":[0.974562287,-0.224116832,0,0.224116832,0.974562287,0,0,0,1],"shapeName":"/levels/west_coast_usa/art/shapes/objects/construction_sign_big_b.DAE","useInstanceRenderData":true}
{"class":"TSStatic","persistentId":"2cf68954-bdf3-4512-87b9-d90a168e2b16","__parent":"SimGroup_1","position":[-34.7083588,642.640564,74.7200317],"isRenderEnabled":false,"rotationMatrix":[-0.793728948,-0.608272135,2.27118848e-17,0.608272135,-0.793728948,-1.71695577e-16,1.22464685e-16,-1.22464698e-16,1],"shapeName":"/art/shapes/race/s_concrete_race_barrier.dae","useInstanceRenderData":true}
{"class":"TSStatic","persistentId":"2d0f2877-ccb8-4c3e-b18b-d156e8d5d4f9","__parent":"SimGroup_1","position":[-38.8514709,648.861389,74.7200317],"isRenderEnabled":false,"shapeName":"/levels/west_coast_usa/art/shapes/objects/boom_lift2.dae","useInstanceRenderData":true}
{"class":"TSStatic","persistentId":"2f66256b-6312-4714-8188-865fa7bac1ab","__parent":"SimGroup_1","position":[-40.9194679,640.588318,74.7200317],"isRenderEnabled":false,"rotationMatrix":[-3.57627869e-07,1,0,-1,-3.57627869e-07,0,0,0,1],"shapeName":"/levels/west_coast_usa/art/shapes/objects/excavator.dae","useInstanceRenderData":true}
{"class":"TSStatic","persistentId":"38cf95e7-a077-4617-8af1-87160278dd07","__parent":"SimGroup_1","position":[-34.9795914,646.776245,74.7200317],"isRenderEnabled":false,"rotationMatrix":[0.960629106,0.277833909,0,-0.277833909,0.960629106,0,0,0,1],"shapeName":"/levels/west_coast_usa/art/shapes/objects/construction_sign_big_a.DAE","useInstanceRenderData":true}
{"class":"TSStatic","persistentId":"3aebff36-710f-48b5-bb40-b2829a97b3f0","__parent":"SimGroup_1","position":[-35.2476311,645.829163,74.7200317],"isRenderEnabled":false,"rotationMatrix":[0.997040331,0.0768806115,0,-0.0768806115,0.997040331,0,0,0,1],"shapeName":"/levels/west_coast_usa/art/shapes/objects/construction_sign_big_a.DAE","useInstanceRenderData":true}
{"class":"TSStatic","persistentId":"41821a46-06b9-49ed-b7af-5fcb31555b1c","__parent":"SimGroup_1","position":[-38.7885971,628.176697,74.7200317],"isRenderEnabled":false,"rotationMatrix":[-0.517105103,-0.855921984,-4.14931067e-17,0.855921984,-0.517105103,-1.68147316e-16,1.22464685e-16,-1.22464685e-16,1],"shapeName":"/art/shapes/race/s_concrete_race_barrier.dae","useInstanceRenderData":true}
{"class":"TSStatic","persistentId":"45a90b7b-34f0-4de6-83c4-c40c3b4005da","__parent":"SimGroup_1","position":[-13.5472565,644.892578,74.7200317],"isRenderEnabled":false,"rotationMatrix":[-0.900161386,-0.435556263,5.68977309e-17,0.435556263,-0.900161386,-1.63578262e-16,1.22464685e-16,-1.22464685e-16,1],"shapeName":"/art/shapes/race/s_concrete_race_barrier.dae","useInstanceRenderData":true}
{"class":"TSStatic","persistentId":"4b974d95-e2e7-47d5-99c5-76b007d80d86","__parent":"SimGroup_1","position":[-29.1502018,650.896973,74.7930374],"isRenderEnabled":false,"rotationMatrix":[-0.826541901,-0.558464408,-0.0703282803,0.053416878,0.0465566516,-0.997486472,0.560334921,-0.828220963,-0.00864958763],"shapeName":"/levels/west_coast_usa/art/shapes/objects/construction_sign_small_b.DAE","useInstanceRenderData":true}
{"class":"TSStatic","persistentId":"536fe109-3342-43e8-b44c-34bd8a37680a","__parent":"SimGroup_1","position":[-36.4260597,640.078186,74.7200317],"isRenderEnabled":false,"rotationMatrix":[-0.225727558,-0.974190712,-9.16603337e-17,0.974190712,-0.225727558,-1.4694759e-16,1.22464698e-16,-1.22464712e-16,1],"shapeName":"/art/shapes/race/s_concrete_race_barrier.dae","useInstanceRenderData":true}
{"class":"TSStatic","persistentId":"5f328492-d9e5-45ab-899e-8a1117853270","__parent":"SimGroup_1","position":[-31.8613911,643.807861,74.7200317],"isRenderEnabled":false,"rotationMatrix":[-0.993471503,-0.114078678,1.07694568e-16,0.114078678,-0.993471503,-1.3563577e-16,1.22464659e-16,-1.22464646e-16,1],"shapeName":"/art/shapes/race/s_concrete_race_barrier.dae","useInstanceRenderData":true}
{"class":"TSStatic","persistentId":"60e6474d-160f-4a38-bd8a-0cdbbd82af05","__parent":"SimGroup_1","position":[-19.5193329,643.78009,74.7200317],"isRenderEnabled":false,"rotationMatrix":[-0.998658419,-0.051782839,1.15958797e-16,0.051782839,-0.998658419,-1.28641964e-16,1.22464672e-16,-1.22464685e-16,1],"shapeName":"/art/shapes/race/s_concrete_race_barrier.dae","useInstanceRenderData":true}
{"class":"TSStatic","persistentId":"653ff295-71cd-43c3-af98-5178c5b6cacf","__parent":"SimGroup_1","position":[-16.4517365,644.013611,74.7200317],"isRenderEnabled":false,"rotationMatrix":[-0.99370265,-0.112049311,1.07971396e-16,0.112049311,-0.99370265,-1.35415554e-16,1.22464685e-16,-1.22464685e-16,1],"shapeName":"/art/shapes/race/s_concrete_race_barrier.dae","useInstanceRenderData":true}
{"class":"TSStatic","persistentId":"86abb504-b4da-415a-a576-7fdf6c27bef5","__parent":"SimGroup_1","position":[-23.1000519,649.637268,74.7200317],"isRenderEnabled":false,"rotationMatrix":[0.387314439,-0.921947777,0,0.921947777,0.387314439,0,0,0,1],"shapeName":"/levels/west_coast_usa/art/shapes/objects/arrowboard_L.dae","useInstanceRenderData":true}
{"class":"TSStatic","persistentId":"95dcf153-717e-4600-91bf-005253f0fef6","__parent":"SimGroup_1","position":[-29.133791,648.709839,74.8009033],"isRenderEnabled":false,"rotationMatrix":[0.866025329,-0.50000006,7.4505806e-08,0.0186017603,0.0322191715,-0.999307632,0.499653935,0.865425706,0.0372034907],"shapeName":"/levels/west_coast_usa/art/shapes/objects/construction_sign_small_c.DAE","useInstanceRenderData":true}
{"class":"TSStatic","persistentId":"9ff368dc-ec10-424b-978c-c7d7920ce574","__parent":"SimGroup_1","position":[-42.5957336,633.831238,74.7200394],"isRenderEnabled":false,"rotationMatrix":[0.900233328,0.435407817,0,-0.435407817,0.900233328,0,0,0,1],"shapeName":"/levels/west_coast_usa/art/shapes/objects/sandbarrel.dae","useInstanceRenderData":true}
{"class":"TSStatic","persistentId":"a46a8f05-e423-4097-a15b-321409d56b99","__parent":"SimGroup_1","position":[-11.6456566,647.064331,74.7200317],"isRenderEnabled":false,"rotationMatrix":[-0.28123343,-0.959639311,-8.30807568e-17,0.959639311,-0.28123343,-1.51963097e-16,1.22464685e-16,-1.22464672e-16,1],"shapeName":"/art/shapes/race/s_concrete_race_barrier.dae","useInstanceRenderData":true}
{"class":"TSStatic","persistentId":"a77c27f5-20ad-4455-8fe8-af769550321f","__parent":"SimGroup_1","position":[-42.5957336,632.142334,74.7200394],"isRenderEnabled":false,"rotationMatrix":[-0.48887527,-0.872353435,0,0.872353435,-0.48887527,0,0,0,1],"shapeName":"/levels/west_coast_usa/art/shapes/objects/sandbarrel.dae","useInstanceRenderData":true}
{"class":"TSStatic","persistentId":"aab8c675-c287-4f14-95c9-1f6bba88dc84","__parent":"SimGroup_1","position":[-28.8780613,650.8703,74.7953568],"isRenderEnabled":false,"rotationMatrix":[-0.490436196,-0.871233821,0.02059412,-0.0185302794,-0.0132007599,-0.999741197,0.871280193,-0.490690798,-0.00967025757],"shapeName":"/levels/west_coast_usa/art/shapes/objects/construction_sign_small_b.DAE","useInstanceRenderData":true}
{"class":"TSStatic","persistentId":"b602e474-8e52-4afd-aee6-89daa22b10cc","__parent":"SimGroup_1","position":[-25.079195,651.563354,74.8096695],"isRenderEnabled":false,"rotationMatrix":[-0.719596386,0.694161534,-0.0178889036,0.00802809,-0.0174432993,-0.999815404,-0.694345593,-0.719607532,0.0069797039],"shapeName":"/levels/west_coast_usa/art/shapes/objects/construction_sign_small_a.DAE","useInstanceRenderData":true}
{"class":"TSStatic","persistentId":"bc71264d-a809-4bc5-b3b4-46e9ef31a0ae","__parent":"SimGroup_1","position":[-37.4848366,630.932739,74.7200317],"isRenderEnabled":false,"rotationMatrix":[-0.308531404,-0.951214075,-7.87059309e-17,0.951214075,-0.308531404,-1.54274333e-16,1.22464672e-16,-1.22464672e-16,1],"shapeName":"/art/shapes/race/s_concrete_race_barrier.dae","useInstanceRenderData":true}
{"class":"TSStatic","persistentId":"be135fc1-f38a-465f-8b26-656a98642a3f","__parent":"SimGroup_1","position":[-35.848587,646.160767,74.7200317],"isRenderEnabled":false,"rotationMatrix":[0.999802351,0.0198810585,0,-0.0198810585,0.999802351,0,0,0,1],"shapeName":"/levels/west_coast_usa/art/shapes/objects/construction_sign_big_a.DAE","useInstanceRenderData":true}
{"class":"TSStatic","persistentId":"bfa11731-24fe-46e3-9dd5-1d5226d5d886","__parent":"SimGroup_1","position":[-36.8328705,633.911621,74.7200317],"isRenderEnabled":false,"rotationMatrix":[-0.0716404915,-0.997430503,-1.13376578e-16,0.997430503,-0.0716404915,-1.30923434e-16,1.22464685e-16,-1.22464672e-16,1],"shapeName":"/art/shapes/race/s_concrete_race_barrier.dae","useInstanceRenderData":true}
{"class":"TSStatic","persistentId":"c2472320-112d-41ca-bcb8-3aeaa772bed9","__parent":"SimGroup_1","position":[-14.7239189,648.453735,74.7200317],"isRenderEnabled":false,"rotationMatrix":[0.527254164,0.849707842,0,-0.849707842,0.527254164,0,0,0,1],"shapeName":"/levels/west_coast_usa/art/shapes/objects/construction_sign_big_a.DAE","useInstanceRenderData":true}
{"class":"TSStatic","persistentId":"ebc6ad84-58c3-4177-925c-c56341a958ff","__parent":"SimGroup_1","position":[-11.2957916,650.258728,74.7200317],"isRenderEnabled":false,"rotationMatrix":[0.0860258937,-0.996292889,-1.32545833e-16,0.996292889,0.0860258937,-1.11475558e-16,1.22464685e-16,-1.22464672e-16,1],"shapeName":"/art/shapes/race/s_concrete_race_barrier.dae","useInstanceRenderData":true}
{"class":"TSStatic","persistentId":"f46af4ce-09d8-4c79-9983-056089056451","__parent":"SimGroup_1","position":[-42.3909683,630.838013,74.7200394],"isRenderEnabled":false,"shapeName":"/levels/west_coast_usa/art/shapes/objects/sandbarrel.dae","useInstanceRenderData":true}
